# Created by Octave 5.2.0, Tue May 19 19:33:15 2020 CEST <carloscobas@pop-os>
# name: plot_mat
# type: matrix
# rows: 7
# columns: 2
 1e-20 29.27
 1e-10 29.32
 1e-05 29.45
 0.0001 29.7
 0.001 30.4
 0.01 34.05
 0.1 89.5


