# Created by Octave 5.2.0, Thu May 21 14:47:32 2020 CEST <carloscobas@pop-os>
# name: plot_mat
# type: matrix
# rows: 8
# columns: 2
 1e-20 12.77
 1e-10 12.77
 1e-05 12.85
 0.0001 12.83
 0.001 13.03
 0.01 13.27
 0.1 15.43
 0.2 18.02


