# Created by Octave 4.2.2, Thu May 21 16:44:19 2020 CEST <svb_1998@SVB-PC>
# name: plot_mat
# type: matrix
# rows: 11
# columns: 2
 1e-10 19.67
 1e-09 19.65
 1e-08 19.55
 1e-07 18.93
 1e-06 14.08
 1e-05 6.317
 0.0001 4.267
 0.001 6.383
 0.01 10
 0.1 11.97
 0.9 18.68


