# Created by Octave 5.2.0, Sat May 16 12:44:34 2020 CEST <carloscobas@pop-os>
# name: plot_mat
# type: matrix
# rows: 1
# columns: 2
 0.0001 4.18


