# Created by Octave 5.2.0, Fri May 15 19:14:23 2020 CEST <carloscobas@pop-os>
# name: plot_mat
# type: matrix
# rows: 10
# columns: 2
 1e-10 14.15
 1e-09 14.15
 1e-08 14.15
 1e-07 14.17
 1e-06 14.15
 1e-05 14.33
 0.0001 14.55
 0.001 16.48
 0.01 24.77
 0.1 31.85


