# Created by Octave 5.2.0, Sat May 16 11:56:47 2020 CEST <carloscobas@pop-os>
# name: plot_mat
# type: matrix
# rows: 11
# columns: 2
 1e-10 15.2
 1e-09 15.18
 1e-08 15.08
 1e-07 14.32
 1e-06 10.37
 1e-05 4.05
 0.0001 2.917
 0.001 5.017
 0.01 8.5
 0.1 10.58
 0.9 17.83


