# Created by Octave 4.2.2, Thu May 21 17:12:26 2020 CEST <svb_1998@SVB-PC>
# name: plot_mat
# type: matrix
# rows: 10
# columns: 2
 1e-10 17.85
 1e-09 17.85
 1e-08 17.85
 1e-07 17.9
 1e-06 17.92
 1e-05 18
 0.0001 18.72
 0.001 20.78
 0.01 29.08
 0.1 35.67


