# Created by Octave 4.2.2, Thu May 21 16:32:32 2020 CEST <svb_1998@SVB-PC>
# name: plot_mat
# type: matrix
# rows: 7
# columns: 2
 1e-20 16.55
 1e-10 16.65
 1e-05 16.83
 0.0001 16.98
 0.001 17
 0.01 17.58
 0.1 20.27


