# Created by Octave 4.2.2, Thu May 21 20:08:19 2020 CEST <svb_1998@SVB-PC>
# name: plot_mat
# type: matrix
# rows: 1
# columns: 2
 0.0001 4.18


