# Created by Octave 4.2.2, Sun Apr 19 16:37:02 2020 CEST <carloscobas@carloscobas-GL552VW>
# name: A
# type: matrix
# rows: 9
# columns: 2
 1 75.47
 2 62.15
 5 30.48
 10 8.4
 20 3.1
 50 2.5
 100 2.4
 200 2.75
 500 2.817


