# Created by Octave 5.2.0, Sat May 16 12:36:28 2020 CEST <carloscobas@pop-os>
# name: err_mat
# type: matrix
# rows: 1
# columns: 3
 0.0001 100 4.02


