# Created by Octave 4.2.2, Thu May 21 17:10:44 2020 CEST <svb_1998@SVB-PC>
# name: err_mat
# type: matrix
# rows: 9
# columns: 33
 1e-10 1 69.72 1e-09 1 69.72 1e-08 1 69.72 1e-07 1 69.7 1e-06 1 69.67 1e-05 1 69.55 0.0001 1 69.4 0.001 1 69.38 0.01 1 69.23 0.1 1 69.17 0.9 1 69.1
 1e-10 2 57.08 1e-09 2 57.08 1e-08 2 57.08 1e-07 2 57.03 1e-06 2 56.63 1e-05 2 55.48 0.0001 2 55.03 0.001 2 55.52 0.01 2 55.43 0.1 2 54.95 0.9 2 54.5
 1e-10 5 37.25 1e-09 5 37.25 1e-08 5 37.25 1e-07 5 37.15 1e-06 5 35.47 1e-05 5 29.88 0.0001 5 28.33 0.001 5 28.53 0.01 5 28.6 0.1 5 28.3 0.9 5 27.85
 1e-10 10 25.82 1e-09 10 25.8 1e-08 10 25.75 1e-07 10 25.35 1e-06 10 22.35 1e-05 10 14.93 0.0001 10 11.82 0.001 10 12.27 0.01 10 12.48 0.1 10 12.32 0.9 10 11.85
 1e-10 20 21.23 1e-09 20 21.23 1e-08 20 21.23 1e-07 20 20.67 1e-06 20 16.47 1e-05 20 8.483 0.0001 20 6.167 0.001 20 6.7 0.01 20 7.05 0.1 20 6.8 0.9 20 5.883
 1e-10 50 19.87 1e-09 50 19.85 1e-08 50 19.82 1e-07 50 19.07 1e-06 50 14.62 1e-05 50 6.567 0.0001 50 4.683 0.001 50 5.683 0.01 50 6.617 0.1 50 6.25 0.9 50 4.567
 1e-10 100 19.62 1e-09 100 19.62 1e-08 100 19.55 1e-07 100 19 1e-06 100 14.17 1e-05 100 6.467 0.0001 100 4.267 0.001 100 5.617 0.01 100 7.3 0.1 100 6.867 0.9 100 4.717
 1e-10 200 19.67 1e-09 200 19.67 1e-08 200 19.55 1e-07 200 18.95 1e-06 200 14.1 1e-05 200 6.3 0.0001 200 4.233 0.001 200 5.883 0.01 200 8.533 0.1 200 8.45 0.9 200 5.917
 1e-10 500 19.67 1e-09 500 19.65 1e-08 500 19.55 1e-07 500 18.93 1e-06 500 14.08 1e-05 500 6.317 0.0001 500 4.267 0.001 500 6.35 0.01 500 9.867 0.1 500 11.43 0.9 500 13.52


