# Created by Octave 4.2.2, Tue Apr 21 14:27:03 2020 CEST <svb_1998@SVB-PC>
# name: err
# type: scalar
40.2


