# Created by Octave 4.2.2, Tue Apr 21 18:59:26 2020 CEST <svb_1998@SVB-PC>
# name: A
# type: matrix
# rows: 1
# columns: 2
 100 2.84


